name: image_nas
channels:
  - pytorch
  - conda-forge
  - defaults
dependencies:
  - pip=22.3.1
  - _openmp_mutex=4.5=2_gnu
  - blas=2.135=mkl
  - blas-devel=3.9.0=35_h85df5b5_mkl
  - ca-certificates=2025.9.9=haa95532_0
  - cudatoolkit=11.3.1=hf2f0253_13
  - freetype=2.14.1=h57928b3_0
  - icu=75.1=he0c23c2_0
  - intel-openmp=2023.0.0=h57928b3_25922
  - jpeg=9e=hcfcfb64_3
  - lcms2=2.15=ha5c8aab_0
  - lerc=4.0.0=h6470a55_1
  - libblas=3.9.0=35_h5709861_mkl
  - libcblas=3.9.0=35_h2a3cdd5_mkl
  - libdeflate=1.17=hcfcfb64_0
  - libffi=3.4.4=hd77b12b_1
  - libfreetype=2.14.1=h57928b3_0
  - libfreetype6=2.14.1=hdbac1cb_0
  - libgcc=15.1.0=h1383e82_5
  - libgomp=15.1.0=h1383e82_5
  - libhwloc=2.12.1=default_h64bd3f2_1002
  - libiconv=1.18=hc1393d2_2
  - liblapack=3.9.0=35_hf9ab0e9_mkl
  - liblapacke=3.9.0=35_h3ae206f_mkl
  - liblzma=5.8.1=h2466b09_2
  - liblzma-devel=5.8.1=h2466b09_2
  - libpng=1.6.50=h7351971_1
  - libtiff=4.5.0=hf8721a0_2
  - libuv=1.51.0=hfd05255_1
  - libwebp-base=1.6.0=h4d5522a_0
  - libwinpthread=12.0.0.r4.gg4f2fc60ca=h57928b3_9
  - libxcb=1.13=0
  - libxml2=2.15.0=ha29bfb0_0
  - libxml2-16=2.15.0=h06f855e_0
  - libzlib=1.3.1=h2466b09_2
  - llvm-openmp=20.1.8=h29ce207_0
  - mkl=2024.2.2=h57928b3_16
  - mkl-devel=2024.2.2=h57928b3_16
  - mkl-include=2024.2.2=h57928b3_16
  - numpy=1.24.4=py38h1d91fd2_0
  - openjpeg=2.5.0=ha2aaf27_2
  - openssl=3.5.3=h725018a_0
  - pillow=9.4.0=py38h087119c_1
  - python=3.8.16=h1aa4202_4
  - python_abi=3.8=2_cp38
  - pytorch=1.10.0=py3.8_cuda11.3_cudnn8_0
  - pytorch-mutex=1.0=cuda
  - sqlite=3.50.2=hda9a48d_1
  - tbb=2021.13.0=h18a62a1_3
  - tk=8.6.13=h2c6b04d_2
  - torchaudio=0.10.0=py38_cu113
  - torchvision=0.11.0=py38_cu113
  - typing_extensions=4.12.2=pyha770c72_0
  - ucrt=10.0.22621.0=haa95532_0
  - vc=14.3=h2df5915_10
  - vc14_runtime=14.44.35208=h4927774_10
  - vs2015_runtime=14.44.35208=ha6b5a95_10
  - wheel=0.44.0=py38haa95532_0
  - xorg-libxau=1.0.12=h0e40799_0
  - xorg-libxdmcp=1.1.5=h0e40799_0
  - xz=5.8.1=h208afaa_2
  - xz-tools=5.8.1=h2466b09_2
  - zstd=1.5.7=hbeecb71_2
  - pip:
      - absl-py==2.3.1
      - aiohappyeyeballs==2.4.4
      - aiohttp==3.10.11
      - aiosignal==1.3.1
      - astor==0.8.1
      - async-timeout==5.0.1
      - attrs==25.3.0
      - cachetools==5.5.2
      - certifi==2025.8.3
      - charset-normalizer==3.4.3
      - cloudpickle==3.1.1
      - colorama==0.4.6
      - filelock==3.9.0
      - frozenlist==1.5.0
      - fsspec==2025.3.0
      - google-auth==2.40.3
      - google-auth-oauthlib==1.0.0
      - grpcio==1.70.0
      - idna==3.10
      - importlib-metadata==8.5.0
      - joblib==1.4.2
      - json-tricks==3.17.3
      - lightning-utilities==0.11.9
      - markdown==3.7
      - markupsafe==2.1.5
      - multidict==6.1.0
      - nni==2.10
      - oauthlib==3.3.1
      - packaging==25.0
      - pandas==2.0.3
      - pip==22.3.1
      - prettytable==3.11.0
      - propcache==0.2.0
      - protobuf==5.29.5
      - psutil==7.0.0
      - pyasn1==0.6.1
      - pyasn1-modules==0.4.2
      - pydeprecate==0.3.2
      - python-dateutil==2.9.0.post0
      - pythonwebhdfs==0.2.3
      - pytorch-lightning==1.6.1
      - pytz==2025.2
      - pyyaml==6.0.2
      - requests==2.32.4
      - requests-oauthlib==2.0.0
      - responses==0.25.8
      - rsa==4.9.1
      - schema==0.7.7
      - scikit-learn==1.3.2
      - scipy==1.10.1
      - setuptools==59.5.0
      - simplejson==3.20.1
      - six==1.17.0
      - tensorboard==2.14.0
      - tensorboard-data-server==0.7.2
      - threadpoolctl==3.5.0
      - torchmetrics==0.10.0
      - tqdm==4.67.1
      - typeguard==2.13.3
      - tzdata==2025.2
      - urllib3==2.2.3
      - wcwidth==0.2.13
      - websockets==13.1
      - werkzeug==3.0.6
      - yarl==1.15.2
      - zipp==3.20.2
